0.000013863478661191213
0.0003397168839976962
0.002400876357887274
0.009065656407595102
0.023844555325002736
0.049912288711153226
0.08957760203223342
0.14418297616143777
0.21423580684517107
0.2996158913811581
0.3997775336316795
0.5139146936124294
0.6410835233041199
0.7802874256626575
0.9305328460786568
1.0908637192900361
1.2603810606426387
1.438252596804337
1.6237159502358214
1.8160778162150857
2.014710780944616
2.21904886936509
2.4285825244428265
2.6428534574594353
2.861449633934264
3.084000544989162
3.310172839890271
3.5396663487436895
3.772210495681751
4.00756108611804
4.245497442579696
4.485819859447368
4.728347345793539
4.972915626191982
5.219375371084059
5.467590630524544
5.717437447572013
5.968802630041848
6.221582661689891
6.475682736079984
6.731015898381024
6.98750228213063
7.245068429597952
7.503646685788864
7.763174657377988
8.02359472893998
8.284853629803916
8.546902045684934
8.809694269971322
9.073187890176143
9.337343505612015
9.602124472826556
9.8674966757534
10.133428317897478
10.399889734191031
10.666853220434106
10.934292878475777
11.202184475504577
11.470505316002537
11.739234125080184
12.008350942053166
12.277837023246892
12.547674753126437
12.817847562946628
13.088339856203294
13.359136940242902
13.630224963455024
13.90159085753186
14.173222284331821
14.445107586931254
14.717235744490083
14.989596330594331
15.262179474771681
15.534975826905704
15.80797652430087
16.081173161174043
16.354557760369328
16.628122747112073
16.901860924634942
17.175765451524093
17.449829820647437
17.72404783953921
17.998413612126303
18.272921521691813
18.547566214980513
18.822342587358953
19.097245768950543
19.372271111672568
19.647414177108324
19.922670725152962
20.19803670337687
20.473508237054766
20.749081619813076
21.02475330485181
21.300519896700695
21.576378143472468
21.852324929579098
22.128357268879363
22.40447229822866
22.680667271404044
22.95693955337959
23.233286614929046
23.509706027534357
23.7861954585803
24.06275266681684
24.339375498072204
24.616061881200817
24.892809824251408
25.169617410841628
25.44648279672647
25.723404206548615
26.000379930759724
26.277408322702396
26.554487795843166
26.831616821147673
27.108793924589598
27.386017684785593
27.66328673074894
27.94059973975509
28.217955435312746
28.49535258523449
28.772789999801407
29.050266530016454
29.32778106594164
29.605332535114478
29.882919901039337
30.160542161749675
30.438198348437325
30.715887524145266
30.993608782520536
31.27136124662406
31.549144067794543
31.826956424563463
32.10479752161867
32.38266658881406
32.66056288022291
32.9384856732328
33.216434267679915
33.49440798502089
33.7724061675402
34.0504281775914
34.32847339687072
34.606541225721095
34.88463108246556
35.16274240276829
35.44087463902212
35.71902725976131
35.997199749098264
36.275391606183156
36.55360234468539
36.83183149229588
37.11007859024918
37.38834319286459
37.66662486710532
37.944923192155
38.22323775901065
38.50156817009142
38.77991403886241
39.05827498947295
39.33665065640857
39.61504068415622
39.893444726882066
40.171862448121345
40.45029352047983
40.728737625346255
41.00719445261542
41.285663700421395
41.56414507488045
41.84263828984331
42.12114306665634
42.39965913393128
42.6781862273232
42.95672408931635
43.235272469017524
43.51383112195672
43.792399809894754
44.07097830063752
44.34956636785676
44.628163790916865
44.90677035470777
45.18538584948335
45.464010070705484
45.74264281889322
46.021283899477076
46.2999331226582
46.5785903032722
46.85725526065747
47.13592781852785
47.41460780484945
47.69329505172155
47.97198939526125
48.25069067549193
48.5293987362353
48.80811342500683
49.08683459291461
49.365562094561334
49.644295787949424
49.92303553438916
